1
32
white
pawn
1
6
black
pawn
2
1
white
pawn
7
6
black
rook
0
0
black
rook
7
0
white
rook
0
7
white
rook
7
7
black
knight
5
2
white
knight
1
7
white
knight
6
7
black
bishop
2
0
black
bishop
5
0
white
bishop
2
7
black
queen
3
0
black
king
4
0
white
king
4
7
black
pawn
0
1
black
pawn
7
1
black
pawn
1
1
black
pawn
4
1
black
knight
2
2
white
queen
3
7
white
pawn
5
4
black
pawn
6
1
black
pawn
3
1
black
pawn
5
1
white
pawn
6
6
white
pawn
3
6
white
pawn
4
4
white
bishop
5
7
white
pawn
0
6
white
pawn
2
6
0
-50
-20
-20
-30
-30
0
-50
-20
-20
-30
-30
0
-40
-10
-10
-40
-40
0
-40
-10
-10
-40
-40
0
-30
-10
-10
-40
-40
0
-30
-10
-10
-40
-40
0
-30
-10
-5
-50
-50
0
-30
-10
-5
-50
-50
0
-30
-10
-5
-50
-50
0
-30
-10
-5
-50
-50
0
-30
-10
-10
-40
-40
0
-30
-10
-10
-40
-40
0
-40
-10
-10
-40
-40
0
-40
-10
-10
-40
-40
0
-50
-20
-20
-30
-30
0
-50
-20
-20
-30
-30
50
-40
-10
-10
-30
-30
50
-40
-10
-10
-30
-30
50
-20
0
0
-40
-40
50
-20
0
0
-40
-40
50
0
0
0
-40
-40
50
0
0
0
-40
-40
50
0
0
0
-50
-50
50
0
0
0
-50
-50
50
0
0
0
-50
-50
50
0
0
0
-50
-50
50
0
0
0
-40
-40
50
0
0
0
-40
-40
50
-20
0
0
-40
-40
50
-20
0
0
-40
-40
50
-40
-10
-10
-30
-30
50
-40
-10
-10
-30
-30
10
-30
-10
-10
-30
-30
10
-30
-10
-10
-30
-30
10
0
0
0
-40
-40
10
0
0
0
-40
-40
20
10
5
5
-40
-40
20
10
5
5
-40
-40
30
15
10
5
-50
-50
30
15
10
5
-50
-50
30
15
10
5
-50
-50
30
15
10
5
-50
-50
20
10
5
5
-40
-40
20
10
5
5
-40
-40
10
0
0
0
-40
-40
10
0
0
0
-40
-40
10
-30
-10
-10
-30
-30
10
-30
-10
-10
-30
-30
5
-30
-10
-5
-30
-30
5
-30
-10
-5
-30
-30
5
5
5
0
-40
-40
5
5
5
0
-40
-40
10
15
5
5
-40
-40
10
15
5
5
-40
-40
25
20
10
5
-50
-50
25
20
10
5
-50
-50
25
20
10
5
-50
-50
25
20
10
5
-50
-50
10
15
5
5
-40
-40
10
15
5
5
-40
-40
5
5
5
0
-40
-40
5
5
5
0
-40
-40
5
-30
-10
-5
-30
-30
5
-30
-10
-5
-30
-30
0
-30
-10
0
-20
-20
0
-30
-10
0
-20
-20
0
0
0
0
-30
-30
0
0
0
0
-30
-30
0
15
10
5
-30
-30
0
15
10
5
-30
-30
20
20
10
5
-40
-40
20
20
10
5
-40
-40
20
20
10
5
-40
-40
20
20
10
5
-40
-40
0
15
10
5
-30
-30
0
15
10
5
-30
-30
0
0
0
0
-30
-30
0
0
0
0
-30
-30
0
-30
-10
-5
-20
-20
0
-30
-10
-5
-20
-20
5
-30
-10
-10
-10
-10
5
-30
-10
-10
-10
-10
-5
5
10
5
-20
-20
-5
5
10
5
-20
-20
-10
10
10
5
-20
-20
-10
10
10
5
-20
-20
0
15
10
5
-20
-20
0
15
10
5
-20
-20
0
15
10
5
-20
-20
0
15
10
5
-20
-20
-10
10
10
5
-20
-20
-10
10
10
5
-20
-20
-5
5
10
0
-20
-20
-5
5
10
0
-20
-20
5
-30
-10
-10
-10
-10
5
-30
-10
-10
-10
-10
5
-40
-10
-10
20
20
5
-40
-10
-10
20
20
10
-20
5
0
20
20
10
-20
5
0
20
20
10
0
0
5
0
0
10
0
0
5
0
0
-20
5
0
0
0
0
-20
5
0
0
0
0
-20
5
0
0
0
0
-20
5
0
0
0
0
10
0
0
0
0
0
10
0
0
0
0
0
10
-20
5
0
20
20
10
-20
5
0
20
20
5
-40
-10
-10
20
20
5
-40
-10
-10
20
20
0
-50
-20
-20
20
20
0
-50
-20
-20
20
20
0
-40
-10
-10
30
30
0
-40
-10
-10
30
30
0
-30
-10
-10
10
10
0
-30
-10
-10
10
10
0
-30
-10
-5
0
0
0
-30
-10
-5
0
0
0
-30
-10
-5
0
0
0
-30
-10
-5
0
0
0
-30
-10
-10
10
10
0
-30
-10
-10
10
10
0
-40
-10
-10
30
30
0
-40
-10
-10
30
30
0
-50
-20
-20
20
20
0
-50
-20
-20
20
20
